4294967278,69
4294967278,56
4294967278,50
4294967279,87
4294967279,51
4294967279,37
4294967294,773
4294967294,736
4294967294,746
4294967294,734
4294967294,740
4294967294,743
4294967278,226
4294967294,733
4294967278,372
4294967279,224
4294967294,66
4294967294,113
4294967294,36
4294967294,39
4294967294,115
4294967294,112
4294967294,92
4294967294,12
4294967294,11
4294967294,104
4294967294,106
4294967294,24
4294967294,82
4294967278,6
4294967279,95
4294967279,90
4294967279,57
4294967279,21
4294967279,16
4294967279,12
4294967294,952
4294967294,727
4294967294,951
4294967294,946
4294967278,132
4294967278,130
4294967278,127
4294967278,126
4294967278,124
4294967278,121
4294967278,120
4294967278,119
4294967278,118
4294967278,113
4294967278,111
4294967278,108
4294967278,107
4294967278,100
4294967278,97
4294967278,89
4294967278,87
4294967278,82
4294967278,79
4294967278,76
4294967278,75
4294967278,67
4294967278,66
4294967278,63
4294967278,60
4294967278,57
4294967278,55
4294967278,54
4294967278,53
4294967278,52
4294967278,51
4294967278,49
4294967278,47
4294967278,46
4294967278,45
4294967278,44
4294967278,42
4294967278,41
4294967278,40
4294967278,39
4294967278,38
4294967278,37
4294967278,36
4294967278,35
4294967278,34
4294967278,33
4294967278,5
4294967279,117
4294967279,110
4294967279,108
4294967279,107
4294967279,106
4294967279,101
4294967279,97
4294967279,93
4294967279,89
4294967279,76
4294967279,73
4294967279,68
4294967279,63
4294967279,62
4294967279,54
4294967279,46
4294967279,45
4294967279,44
4294967279,43
4294967279,42
4294967279,41
4294967279,40
4294967279,39
4294967279,38
4294967279,36
4294967279,35
4294967279,34
4294967279,33
4294967279,32
4294967279,31
4294967279,30
4294967279,29
4294967279,28
4294967279,27
4294967279,26
4294967279,24
4294967279,23
4294967279,22
4294967279,20
4294967279,19
4294967279,18
4294967279,17
4294967279,13
4294967279,11
4294967279,10
4294967279,7
4294967279,6
4294967279,5
4294967279,4
4294967294,17
4294967294,42
4294967294,67
4294967294,99
4294967294,76
4294967294,41
4294967294,43
4294967279,112
0,5
4294967279,359
4294967293,131
4294967293,130
4294967293,129
4294967293,128
4294967293,127
4294967293,126
4294967293,125
4294967293,124
4294967293,123
4294967293,122
4294967293,121
4294967293,120
4294967293,119
4294967293,118
4294967293,117
4294967293,116
4294967293,115
4294967293,114
4294967293,113
4294967293,112
4294967293,111
4294967293,110
4294967293,109
4294967293,108
4294967293,107
4294967293,106
4294967293,105
4294967293,104
4294967293,103
4294967293,102
4294967293,101
4294967293,100
4294967293,99
4294967293,98
4294967293,97
4294967293,96
4294967293,95
4294967293,94
4294967293,93
4294967293,92
4294967293,91
4294967293,90
4294967293,89
4294967293,87
4294967293,86
4294967293,85
4294967293,84
4294967293,83
4294967293,82
4294967293,81
4294967293,80
4294967293,79
4294967293,78
4294967293,77
4294967293,76
4294967293,75
4294967293,74
4294967293,73
4294967293,72
4294967293,71
4294967293,70
4294967293,69
4294967293,68
4294967293,67
4294967293,66
4294967293,65
4294967293,64
4294967293,63
4294967293,62
4294967293,61
4294967293,60
4294967293,59
4294967293,58
4294967293,57
4294967293,56
4294967293,55
4294967293,54
4294967293,53
4294967293,52
4294967293,51
4294967293,50
4294967293,49
4294967293,48
4294967293,47
4294967293,46
4294967293,45
4294967293,44
4294967293,43
4294967293,42
4294967293,41
4294967293,40
4294967293,39
4294967293,38
4294967293,37
4294967293,36
4294967293,35
4294967293,34
4294967293,33
4294967293,32
4294967293,31
4294967293,30
4294967293,29
4294967293,28
4294967293,27
4294967293,26
4294967293,25
4294967293,24
4294967293,23
4294967293,22
4294967293,21
4294967293,20
4294967293,19
4294967293,18
4294967293,17
4294967293,16
4294967293,15
4294967293,14
4294967293,13
4294967293,12
4294967293,11
4294967293,10
4294967293,9
4294967293,8
4294967293,7
4294967293,6
4294967293,5
4294967293,4
4294967293,3
4294967278,343
4294967278,131
4294967278,128
4294967278,342
4294967278,125
4294967278,123
4294967278,341
4294967278,122
4294967278,117
4294967278,340
4294967278,116
4294967278,339
4294967278,115
4294967278,338
4294967278,114
4294967278,337
4294967278,112
4294967278,336
4294967278,110
4294967278,335
4294967278,109
4294967278,334
4294967278,106
4294967278,105
4294967278,104
4294967278,103
4294967278,101
4294967278,99
4294967278,98
4294967278,95
4294967278,94
4294967278,93
4294967278,91
4294967278,90
4294967278,85
4294967278,84
4294967278,83
4294967278,81
4294967278,80
4294967278,78
4294967278,77
4294967278,289
4294967278,73
4294967278,72
4294967278,71
4294967278,70
4294967278,68
4294967278,65
4294967278,64
4294967278,62
4294967278,61
4294967278,59
4294967278,58
4294967278,277
4294967278,48
4294967278,369
4294967278,32
4294967278,368
4294967278,31
4294967278,367
4294967278,30
4294967278,366
4294967278,29
4294967278,365
4294967278,28
4294967278,364
4294967278,27
4294967278,2
4294967278,88
4294967278,26
4294967278,363
4294967278,25
4294967278,362
4294967278,24
4294967278,361
4294967278,23
4294967278,134
4294967278,22
4294967278,360
4294967278,21
4294967278,359
4294967278,20
4294967278,358
4294967278,19
4294967278,357
4294967278,18
4294967278,356
4294967278,17
4294967278,355
4294967278,16
4294967278,354
4294967278,15
4294967278,353
4294967278,14
4294967278,352
4294967278,13
4294967278,351
4294967278,12
4294967278,350
4294967278,11
4294967278,349
4294967278,10
4294967278,346
4294967278,348
4294967278,9
4294967278,347
4294967278,8
4294967278,345
4294967278,7
4294967278,0
4294967278,260
4294967278,344
4294967278,4
4294967279,132
4294967279,343
4294967279,131
4294967279,342
4294967279,130
4294967279,129
4294967279,128
4294967279,341
4294967279,127
4294967279,340
4294967279,126
4294967279,339
4294967279,125
4294967279,338
4294967279,124
4294967279,337
4294967279,123
4294967279,336
4294967279,122
4294967279,121
4294967279,120
4294967279,335
4294967279,119
4294967279,334
4294967279,118
4294967279,333
4294967279,116
4294967279,332
4294967279,115
4294967279,331
4294967279,113
4294967279,330
4294967279,111
4294967279,329
4294967279,109
4294967279,105
4294967279,104
4294967279,102
4294967279,346
4294967279,100
4294967279,98
4294967279,94
4294967279,92
4294967279,91
4294967279,86
4294967279,85
4294967279,84
4294967279,83
4294967279,82
4294967279,81
4294967279,80
4294967279,79
4294967279,78
4294967279,77
4294967279,286
4294967279,75
4294967279,74
4294967279,284
4294967279,72
4294967279,71
4294967279,70
4294967279,69
4294967279,67
4294967279,66
4294967279,64
4294967279,61
4294967279,60
4294967279,59
4294967279,56
4294967279,55
4294967279,53
4294967279,52
4294967279,50
4294967279,49
4294967279,47
4294967279,174
4294967279,260
4294967279,0
4294967294,442
4294967294,441
4294967294,440
4294967294,439
4294967294,438
4294967294,426
4294967294,437
4294967294,436
4294967294,434
4294967294,435
4294967294,430
4294967294,429
4294967294,46
4294967294,420
4294967294,419
4294967294,418
4294967294,425
4294967294,1
4294967294,25
4294967294,451
4294967294,653
4294967294,652
4294967294,651
4294967294,650
4294967294,649
4294967294,647
4294967294,648
4294967294,646
4294967294,645
4294967294,644
4294967294,643
4294967294,642
4294967294,641
4294967294,640
4294967294,383
4294967294,2
4294967294,382
4294967294,381
4294967294,432
4294967294,8
4294967294,431
4294967294,433
4294967294,427
4294967294,428
4294967294,424
4294967294,423
4294967294,421
4294967294,449
4294967294,450
4294967294,445
4294967278,333
4294967279,328
4294967278,332
4294967279,327
4294967278,331
4294967279,326
4294967278,330
4294967279,325
4294967279,303
4294967279,302
4294967278,304
4294967278,303
4294967278,300
4294967279,296
4294967278,299
4294967278,295
4294967279,291
4294967279,288
4294967279,283
4294967279,279
4294967279,275
4294967278,274
4294967279,268
4294967278,270
4294967279,266
4294967279,307
4294967279,306
4294967294,724
4294967294,553
4294967294,187
4294967294,538
4294967294,720
21,4
21,0
4294967294,719
4294967294,741
4294967294,533
4294967294,387
4294967294,532
4294967294,422
4294967294,573
4294967294,572
4294967294,183
4294967294,713
4294967294,83
4294967294,706
4294967294,902
4294967294,587
4294967294,704
4294967294,546
4294967294,554
4294967278,306
4294967279,300
4294967278,287
4294967278,286
4294967279,276
4294967279,270
4294967278,268
4294967279,265
4294967279,299
4294967279,294
4294967278,297
4294967279,287
4294967278,285
4294967279,278
4294967278,276
4294967278,272
4294967278,267
4294967278,280
4294967278,278
4294967278,275
4294967278,309
4294967279,305
4294967278,302
4294967279,298
4294967279,293
4294967278,296
4294967279,289
4294967279,277
4294967279,269
4294967278,271
4294967278,310
4294967278,307
4294967278,301
4294967279,297
4294967278,294
4294967278,292
4294967278,284
4294967278,279
4294967279,267
4294967278,269
4294967278,311
4294967278,305
4294967279,301
4294967279,295
4294967278,298
4294967279,290
4294967278,291
4294967278,288
4294967278,283
4294967279,281
4294967278,282
4294967279,274
4294967279,273
4294967279,272
4294967279,271
4294967278,273
4294967294,571
4294967294,519
4294967294,558
4294967294,516
4294967294,527
4294967294,585
4294967294,556
4294967294,537
4294967294,586
4294967294,380
4294967294,379
4294967294,378
4294967294,377
4294967294,376
4294967294,374
4294967294,375
4294967294,373
4294967294,372
4294967294,371
4294967294,370
4294967294,369
4294967294,368
4294967294,367
4294967294,366
4294967294,365
4294967294,364
4294967279,280
4294967294,443
4294967294,540
4294967294,444
4294967294,528
4294967294,788
4294967294,397
4294967294,398
4294967294,389
4294967294,396
4294967294,29
4294967294,385
